4.824255897895941558e-01,1.737004816248648997e-01,2.159561251634960211e-01,6.890347420833113634e-02,3.113896032112229914e-02,3.296805382311039038e-03,1.190342912120164603e-02,5.137610722645803360e-03,7.537523666433010305e-03
3.890016749375579952e-02,3.421632290312057179e-01,5.354509740748260027e-01,2.985166761431545454e-02,6.260582442443044437e-04,2.228897762434537203e-02,2.351161887428144040e-03,1.937129906915386821e-02,8.996464960725258919e-03
5.498552953995106130e-02,1.292460884104323360e-01,4.450139311757793092e-01,1.819243055557570321e-01,1.638447007281431944e-01,1.632664856453481389e-02,5.884419946837959707e-03,5.492130475946459993e-04,2.225163030969645739e-03
5.069659341339611824e-01,3.989174020384257391e-01,5.247704701616168199e-02,2.384513053482666817e-02,1.699934063019172686e-02,7.938720269204724072e-04,1.021478103683870856e-06,1.688452696645405430e-07,8.329613931934432003e-08
5.812427026767204019e-01,2.804934319303796775e-01,8.952626403135653665e-02,4.509185451080727908e-02,1.919009717806667353e-03,1.133056451528500260e-03,3.413543435648146575e-04,2.287785089268751812e-04,2.354782890912066051e-05
8.308387188271768586e-01,1.484300712876066575e-01,2.788200372410563985e-03,2.121499886485033164e-03,6.961930567215640631e-03,5.003242384366255596e-03,3.259336332553086461e-03,5.250156899477465998e-04,7.198465223823280468e-05
3.419118687063679163e-01,2.082959963754172639e-01,3.880203569205138980e-01,3.133548076668624810e-02,6.655583340480905261e-03,1.580243813725173627e-02,5.917832327084631555e-03,2.728779294660605781e-04,1.787565496731424730e-03
3.762488402456674041e-01,3.857196398669867077e-01,2.017087563417902241e-01,3.164720813986592746e-02,1.200683654503310188e-03,1.365581835593439970e-03,1.566123354480938087e-03,2.089180918677187031e-06,5.410773801934887217e-04
7.110087399654249074e-01,1.312714159337011466e-01,1.284073040880091832e-01,5.249857835503278676e-04,1.346200538983867434e-02,6.480850361596245807e-03,4.019227019413592478e-03,2.616579419487201005e-03,2.208892038978671479e-03
2.977755655364368037e-01,5.864525558263951333e-03,4.946283996672861671e-01,8.203969605224564754e-02,2.908726966232231398e-02,5.436096467536826599e-02,2.855333327951422098e-02,8.689353246506923843e-05,7.603352036097521527e-03
4.505403401644256789e-01,1.300007854985719136e-01,7.587544683541924684e-02,2.223786456736681072e-01,3.750740842682749598e-02,3.527546961488707555e-02,1.562946870558301268e-02,7.773326448015151560e-03,2.501910863260237150e-02
7.439803709750831828e-01,1.951667995513185483e-01,1.996884764398390230e-02,6.616460927971754349e-03,2.476448583019349309e-02,5.639892441880236043e-03,9.324726769725188947e-04,1.705151871146667625e-03,1.225518081449772367e-03
5.622889381190506741e-01,1.419040960278480923e-01,2.208814793339728966e-01,1.596674292371071113e-02,3.634494711632503539e-02,6.222732440084736798e-03,6.157337162844488468e-03,4.226809493393603526e-03,6.006917382769816349e-03
6.784758708673426231e-01,1.394428317609242851e-01,4.945744347150898140e-02,1.061060397330588490e-01,1.267066316769235694e-02,3.122103324721499460e-03,9.217568287254326864e-03,8.977562987840967087e-05,1.417703757618626881e-03
6.301303889013097903e-01,3.000584502356895000e-01,3.502426333228490091e-02,1.710747767210391446e-03,3.138440995732579702e-02,1.491084584000958429e-03,1.925032178953517826e-04,4.862444548265503798e-06,3.289559735164537813e-06
7.111212683523361333e-01,2.237461728591435550e-01,1.643540083696527765e-02,3.822781945618248384e-02,3.571868561024509146e-03,1.963792360253326097e-03,3.206443424831543869e-03,1.720675059035020648e-03,6.559090228064334838e-06
7.109924000151357504e-01,7.700024363064517444e-03,1.223037703850168301e-01,3.546033073714625200e-02,2.501562685568684691e-02,6.085208913847222484e-02,2.741642151240655063e-04,2.703117212718653128e-02,1.037042216316708121e-02
3.730242897289856030e-01,3.612287566224271496e-01,1.266779094886639201e-01,4.786110099278921559e-02,3.827844386595186804e-02,5.165504447690573431e-02,2.654819398664433274e-04,8.012849615746051859e-04,2.076879228355421603e-04
1.177228208605444193e-01,6.118139257075155130e-02,3.961751549282556684e-01,1.824712227983460999e-01,1.720382092212996705e-01,4.790134138520705381e-02,9.045005432195506873e-03,6.546090718742347825e-03,6.918762084657692490e-03
3.039110640092862470e-01,2.180260038747496576e-01,7.484270356152078474e-02,8.497946062576117177e-02,7.293269495502414934e-02,2.171760667435598535e-01,2.139383488386575882e-02,2.462033582303299085e-04,6.491967988001889900e-03
7.895364119288417193e-02,5.541002154799494761e-01,9.693263062348700387e-02,1.850439931227780832e-01,8.197295346541688676e-02,2.983875807160108265e-03,4.776816674832867036e-06,6.599341297841683780e-06,1.314150351539034034e-06
9.298428439237395038e-01,6.601132976351920326e-04,3.620998662071758800e-02,2.914628572418975772e-02,1.165173452974612497e-03,2.263996482046255233e-03,4.666911350729615313e-04,1.990719926885825314e-04,4.583737093566409015e-05
1.050861088413427291e-01,3.305907074648546939e-01,2.543808061563432310e-01,3.786267512216488686e-03,9.390592122586982615e-02,1.219988453852608075e-02,1.096738758678138664e-01,6.187044193870937930e-02,2.850598645432378397e-02
6.593791105139780173e-01,1.901976207660436291e-01,6.679112782866506066e-03,7.553737477634050838e-03,1.356152431484906051e-01,1.825017800785335407e-04,1.357370145066498740e-04,2.140444421328629402e-04,4.289207426910746079e-05
4.782097627871157997e-01,3.299812943648495200e-01,1.143176434320307827e-01,6.111223191993670617e-02,1.907285012502708387e-03,1.249969427942083109e-03,4.490764667570088138e-03,3.832854839641069034e-03,4.898193548411367004e-03
8.697360308641696180e-01,5.414052174457432975e-02,5.235230544464362923e-02,1.436545573794255869e-02,3.332145988839212668e-03,5.299236746118441040e-03,2.224112484261899609e-04,3.766759788158524072e-04,1.752162464702111677e-04
2.733532449056124136e-01,2.555063583181217401e-01,1.830709003720135120e-02,2.405029319790392972e-02,8.250259144760781205e-02,1.117416943721420974e-01,1.124144404387404650e-01,3.983954119278687589e-02,8.228474608988323169e-02
4.004411289635793070e-01,2.878092433545228479e-01,1.097290419001449996e-01,1.412222188301731074e-01,2.881671927159118810e-02,2.356302760264260970e-02,4.926955978847828536e-03,1.403012115339594135e-04,3.351362886964026622e-03
8.786019279969679019e-01,4.923202138781006959e-02,3.304197342404967264e-02,4.388144974989049638e-03,7.327209999720491395e-04,3.875707826617460616e-03,9.878580004507118290e-03,1.709120825550774006e-02,3.157715129578964053e-03
7.889750541530713424e-01,2.418548692786102756e-03,1.508126964657762747e-01,5.059930407427566668e-02,3.515019274067616561e-03,1.623687375535627403e-04,3.321585817094491622e-03,2.515530188012953886e-05,1.702674834946904525e-04
9.589057217787609888e-01,9.693453607239950476e-03,3.113547709871659561e-02,6.021177186157341881e-05,1.515863989101032413e-04,4.601969133180537505e-05,1.267489907259176898e-06,4.338019926427778193e-06,1.924143345433115826e-06
1.416067155963202095e-01,7.472297288876382781e-01,3.459564310119146030e-02,4.717174507249664167e-02,2.124371393327157895e-02,1.168361998125121972e-03,5.396329155504565010e-03,5.428760974405417170e-04,1.044886158011570920e-03
7.173347821090085841e-01,2.608445837968579872e-01,5.004013780297192175e-03,1.467162221973180095e-02,1.134866377571534611e-04,5.517408421688387889e-04,1.464227997132059233e-03,2.482440636950973383e-06,1.306017640934076240e-05
5.151484940943825697e-01,3.912638391562175966e-01,2.792444149545215970e-02,3.451460204344145022e-02,2.346518644666432604e-02,5.790540237002287857e-03,1.256676276471718322e-03,5.846407656301704685e-04,5.157948473766271746e-05
5.479069716986892935e-01,2.437394538984671288e-01,5.657512722798520993e-02,3.552293016188047851e-04,8.531460509164164041e-02,3.408767075084248588e-02,1.420352725387505344e-02,1.625744456602140620e-02,1.559970210858852013e-03
5.141383597678175210e-01,1.987185093725491458e-01,1.341604379703718042e-01,1.433358933840012672e-01,2.118557312962066931e-03,3.315639015646704418e-03,1.799771990653861384e-03,2.008746456270882243e-03,4.040847297267502469e-04
6.479829611350063079e-02,6.620573032610408415e-01,2.222176811161497290e-01,4.280390305103071863e-02,3.362739804319780489e-03,3.430476385023713878e-03,1.012973482040238149e-03,2.312337402565061448e-04,8.539304663790492356e-05
1.000966311087504446e-01,3.130383335488020058e-01,1.555527381514627307e-02,3.259573421320829389e-01,2.388438491520325502e-02,1.886394972941899881e-02,2.856132644464056541e-02,7.884400050632534018e-02,9.519875779963016260e-02
7.250151194121049469e-01,2.554497399413591108e-01,1.806465599296283239e-02,8.741059481691388191e-04,3.262498007625483105e-04,1.039604813130964250e-05,2.559681316616816381e-04,1.220120558967452242e-06,2.544604289389518215e-06
3.832948062345791218e-01,3.890317491413697315e-01,6.225636009868022042e-02,7.544895370938498047e-02,1.238910419232877938e-02,3.022327769942405318e-02,4.652791749203732952e-02,8.275966564935980860e-04,2.347757023235530482e-07
3.737209218051807946e-01,4.419078456693721346e-01,5.426069892670211565e-03,1.112952473814461801e-01,3.061328854076510869e-02,1.648499025168741975e-03,2.420055793694395052e-02,5.246531895384463863e-05,1.113510442949905421e-02
3.960735888983114572e-01,5.607635594456276129e-01,3.379718335370378909e-03,2.486123089767693431e-02,3.467758325327874921e-03,5.392005402086298346e-03,2.622537123603416002e-03,1.726842199467783787e-03,1.712759372528238622e-03
1.027938858663182131e-01,8.782949053348361179e-01,1.270766260955868629e-02,2.781973998220851983e-03,1.559902466809811455e-04,6.444394840841418184e-04,2.491481441755297524e-03,6.098793122834996979e-05,6.867308731739463212e-05
3.213709685618840739e-01,6.243444126512537329e-01,2.214480321256455386e-02,5.229934261000737834e-03,2.199655608735668136e-02,4.097920232815914672e-03,4.476646273956628357e-04,3.096036907543446028e-04,5.813667497422958519e-05
3.774549788790492189e-01,5.373271899612662439e-02,3.730292482941300336e-01,1.034513800473220724e-01,9.226044869142879801e-02,3.262748062767214000e-05,1.299722234194349590e-05,9.127508170048618901e-06,1.647288080364184282e-05
8.853685417452896722e-01,6.281406910999445814e-02,8.798745113454898431e-03,1.603575770478472134e-02,1.159424390091466986e-02,1.417413360905421874e-02,4.519209944534237117e-04,7.570658641161043170e-04,5.521957937903998470e-06
6.273929669523565789e-01,9.637012573241074409e-02,3.701176813099157914e-02,1.933263538445993690e-01,1.553690131034742017e-02,1.064566774511746354e-02,8.462700688516728090e-03,4.421973648496437155e-03,6.831541947163621842e-03
7.596985912969952404e-01,1.798407612782026432e-01,3.556648701064563795e-02,2.301758701171317464e-02,6.239307014751888873e-04,9.164826404922577668e-05,9.526489412972790043e-04,1.397768183545628374e-04,6.856867726712234656e-05
3.819330215590581723e-01,5.048864819646048385e-01,1.569086851129026031e-02,4.719369597010621142e-02,2.591884100770863036e-02,1.779201359538801555e-02,4.748380047141232720e-03,1.206272858612663810e-03,6.304244860898533531e-04
3.554187507217854147e-01,1.500800705403553259e-01,2.665044964657424242e-01,2.084705123851165187e-01,1.608471245624490051e-02,7.589528386206464982e-05,1.672350437826070719e-03,1.207245275015585194e-03,4.859664340517433345e-04
6.539355414311314174e-01,3.034804105633445159e-01,1.923611470388253419e-02,2.092945268422696792e-02,9.489017545146770155e-04,1.005737173168700987e-03,2.722541718654127290e-04,2.562316946004165657e-05,1.659643484057671259e-04
1.512597418468764054e-01,1.024454715966632845e-01,6.596307863071705357e-01,6.136986467163818570e-02,1.580803215881311161e-02,7.397272640457407469e-03,6.957950530329047025e-04,4.059685687942401962e-05,1.352438868468808231e-03
8.294729634380031413e-01,1.824366157755376652e-02,9.756309835942120201e-02,3.713934230805776560e-02,7.960858164655113672e-03,2.614489527154098807e-03,2.781660508194072363e-03,2.887576439432064292e-03,1.336349677528825275e-03
1.160290112525932393e-01,4.008311412885626757e-01,3.627824783212724169e-02,2.333782476857585997e-01,5.048244298485308340e-02,1.359372083843665147e-01,1.694069651904259524e-02,9.676484658499446764e-03,4.465193941965983626e-04
8.411246222696735497e-01,1.092867577771208659e-01,1.390167189864297340e-02,9.576359368763526225e-03,3.736338213356044709e-03,4.426517348863108145e-03,6.811406633209865502e-03,8.700472734073733116e-03,2.435853756296291195e-03
3.683369697951722754e-01,4.332198905072317530e-01,9.561637915298627777e-02,8.877312192641979849e-02,6.314899535894950714e-04,6.356944555187227577e-03,3.084096753128989874e-03,1.248396780603285277e-03,2.732710575680807885e-03
5.553141920665772835e-01,4.314890163446741256e-01,2.762980799995285244e-03,1.915174539221914905e-03,1.174561196616077984e-03,2.815622125476972826e-03,3.897530361192770641e-04,3.023300829809869288e-03,1.115399061509148027e-03
6.842109007944623400e-01,7.678737832808077424e-02,6.392012103708598347e-02,2.760572200371779611e-02,9.640643552963384932e-02,2.587769562730728862e-02,2.004892610936387723e-02,3.852710231900870110e-03,1.290110338447170157e-03
2.803015679029940976e-01,6.209816268545590434e-01,9.869895898733908879e-02,8.448005257611187802e-06,5.224201175788280646e-06,2.358000244047097312e-06,1.115308275188143371e-06,1.829537098931096485e-07,5.177864453864700067e-07
7.856959915016540341e-01,8.591194452830616668e-02,1.040244805879397307e-02,6.225467112023852501e-02,3.972009585411728078e-02,5.929902548456303726e-03,1.851591054949245328e-03,2.755164858022123454e-03,5.478190475462385578e-03
4.481757974842195402e-01,9.650382738660236159e-02,1.402010477325099369e-01,1.322629367670692391e-01,9.249711039668903623e-02,1.902204029099738639e-02,2.287474752388624338e-04,6.210304743928476978e-02,9.005445027388869761e-03
5.080714277715788763e-01,7.643870181184474200e-02,1.433580090597121395e-02,2.520996120762577508e-01,5.842551831612223523e-02,4.027759691448840745e-02,2.437028260664001258e-02,2.475495783510475029e-02,1.226101761992115513e-03
2.654316309612205771e-01,5.937236234501175325e-01,1.897801388376853943e-02,2.391122609569339488e-02,3.380675724132800597e-02,5.978507306810260102e-02,1.049297999373080824e-04,3.245283641244645339e-03,1.013461858587416664e-03
2.599754419587839704e-01,7.169985679618110508e-01,1.644029201337290913e-02,4.225396443295626088e-03,3.656055657076835719e-04,1.645702840586350064e-03,2.309497582091741164e-04,3.007960607298450467e-05,8.796385216025548459e-05
9.326542595559780269e-01,1.342139314140157469e-02,3.140157422555171773e-02,1.892724675262765638e-02,3.247644410252660454e-03,1.885885453692496020e-04,9.055382781212196336e-05,3.278741429089164836e-05,3.595212671603231769e-05
5.683204824022181079e-02,5.024211023059992343e-01,4.252102428972285297e-01,1.431063931203371137e-02,6.614956543142179414e-04,6.984649482151832241e-05,4.576899272298707395e-04,2.410312512571376848e-05,1.283204302549023623e-05
9.691301483742458256e-01,1.857029749754189564e-03,2.861781575039340497e-02,5.413363460307658853e-05,3.210426638878691110e-04,1.057995592311398249e-05,3.399272997215738435e-06,2.954783263827167931e-06,2.895814931513918111e-06
6.180894561744243454e-02,6.847722085382798030e-01,1.805141048785996183e-01,5.984210739616878383e-03,5.656649475220341949e-02,3.198922594467496373e-03,6.192585593273354505e-03,2.381130681942587271e-04,7.244142179226864542e-04
7.048831140025155761e-01,1.843402656475531809e-01,8.691853138977438664e-02,1.369562225557814476e-02,4.987190487623771942e-03,2.149266064311295375e-03,2.180221855615738398e-03,8.260994176939432960e-04,1.968887933390117695e-05
6.986921659904025139e-01,5.540099577582933976e-02,9.560877481704016523e-02,2.865860668304444359e-02,5.554855393423087373e-02,4.477907201691658234e-02,3.154045546500125821e-03,1.369587092907109845e-02,4.461914306964853694e-03
3.889048981153497841e-01,2.413423837459790222e-01,1.640547318000502852e-01,4.078968211172995240e-02,6.923231257179147079e-03,9.202876062489857845e-02,2.067127657159430199e-02,1.207191758619265143e-02,3.321311818702621377e-02
4.101613270461434979e-01,3.806092071597996784e-01,5.762137316305473295e-02,1.387528015878023713e-01,1.175747382254886805e-03,1.729127508694469368e-03,8.478358807111818427e-04,1.289998247016379239e-03,7.812582024522840562e-03
2.925063318804087542e-01,3.759285381978703655e-01,1.607871658353075047e-03,2.103085947275893167e-02,1.661863703738583331e-01,6.676878711300480128e-03,9.175470410286266920e-02,4.390272957467947559e-03,3.991817264511932084e-02
7.350329056783809767e-01,2.029803663628907129e-01,4.726896750802637992e-02,9.336252747842102226e-03,2.844938363511761471e-03,1.811581695666479325e-03,1.646484485086791298e-04,4.473297929074202223e-04,1.130094022654404284e-04
3.293912529748964646e-01,6.458367075780802047e-01,2.047951520321952303e-03,7.690685678058274515e-03,1.256687448593171870e-04,1.130956112519246326e-02,7.265017319350807433e-04,7.338347417968816189e-05,2.798287172476432438e-03
1.198156122562897830e-01,5.236068470156788335e-01,2.501812234385172862e-01,2.866038004424602270e-02,6.750867921389151760e-02,6.493613517506188586e-03,2.683128957248133960e-03,2.578796928327276874e-04,7.926358637896369075e-04
3.921801812142889920e-01,3.140302585960067505e-01,6.046933201294724808e-02,1.606516812316012011e-01,6.431679846657790793e-04,1.414793348102750918e-02,2.088926362098714185e-02,1.351701244728399295e-02,2.347116941119142819e-02
4.298415127234710420e-01,9.471305503769947287e-02,3.112729667026842284e-01,1.142117187907950443e-01,2.522217816193283307e-02,1.157119454642356431e-02,2.135587019981957484e-03,5.014181373251994783e-03,6.017605643759860179e-03
8.032187410593383259e-01,1.254791864945579150e-01,8.212060580894521913e-03,1.756852155605259517e-03,4.333391064874973081e-02,6.123355274919782716e-03,2.091497097466334533e-04,5.142087136611220646e-03,6.524656939576600756e-03
9.231949591021179069e-01,4.336162638109929829e-02,3.253427559138364483e-02,7.416084784118456667e-04,3.470961714577618323e-05,1.298256627652116064e-04,1.483441931409546377e-06,4.339478073871992780e-07,1.077777337488150522e-06
4.569195579445717303e-01,2.172278128035683431e-01,1.775503085129772618e-01,1.188439199576564465e-01,5.192430517428560550e-03,1.060835231262342686e-02,9.108961808406612973e-03,1.438536511855605994e-04,4.404802491582149315e-03
8.831113308983336019e-01,5.638409704320470478e-02,3.571044076090271885e-02,9.416359779407502961e-03,2.829343003795016607e-03,1.055448303010149240e-02,1.380797626888454355e-03,5.891848018344527597e-04,2.396305553209465700e-05
7.919075030727995568e-01,1.083578139328930795e-01,7.896598378592899550e-03,5.177723177962060414e-02,9.556117131061326112e-03,1.723447264466181766e-02,9.621069991584000128e-03,2.032773448653537804e-03,1.616419620133258128e-03
5.540411857152927055e-02,6.204487075831577325e-01,2.722314524405680669e-01,6.622675003340864654e-03,3.470931719389309944e-02,9.646988418854439418e-03,6.957194617522805338e-05,2.614197887489898265e-04,6.057490537323406699e-04
8.301256594562250735e-01,5.272870877592241573e-02,4.883393444224399388e-02,6.077963555860802641e-02,3.164961533230263753e-03,1.407828240901950589e-03,1.084177509095873501e-03,1.684238756446158761e-03,1.908557273262445619e-04
8.080420050888126315e-02,6.663524259361870428e-01,1.668155735946827423e-01,1.567230768123401355e-02,3.357647830107928638e-02,3.488192810891944939e-02,3.770389201542824172e-04,3.082167360710782122e-04,1.211830212790920847e-03
7.730970651598677579e-01,7.602518137371272466e-02,2.001966908001539050e-02,1.100891673515638630e-01,1.836903586213345201e-03,1.761044346438931166e-02,5.423005570283759074e-04,3.994761643774664538e-04,3.797932628316624815e-04
2.762069498065548023e-01,5.066966284129643672e-01,1.429884627233697358e-01,3.631408788662389420e-02,4.243591438222938522e-03,3.077249993416351220e-02,2.651251806873687958e-03,5.794788551165500558e-06,1.207332026759155852e-04
6.741807940671876720e-01,3.173226309471643414e-01,8.031292542488629310e-03,3.250753563872683027e-04,6.429791807526777023e-05,7.567692712401822154e-05,5.583213728821324440e-08,9.704001241884960458e-08,7.936942314490380568e-08
1.648359365633372819e-01,5.053945870537892571e-01,1.769678980398513846e-01,1.447660979091766054e-01,3.922497309422075251e-03,2.909804362039115477e-03,3.410586987296666686e-04,4.632248415786562458e-04,3.988952220759234280e-04
6.369224000192894586e-01,1.022758100974681394e-01,2.600749066304974266e-01,4.814479592345888141e-04,1.265149765783890807e-04,9.844793307368759742e-05,5.717995738656204610e-06,7.322869930617369907e-06,7.431518189049413081e-06
2.910874642853529259e-01,1.966278965686902303e-01,2.948029728184081710e-01,4.233035744030681086e-02,4.705031470029165386e-02,4.646340610117659364e-02,6.214678317525365592e-02,5.087922696537279174e-03,1.440288221398278168e-02
5.048415608686618317e-01,1.322173509396548374e-01,3.866926912261469187e-03,1.630919953332324035e-01,4.328918460463043738e-02,1.862457789391057730e-02,4.698485720836211021e-02,1.212174252180176631e-02,7.496180371748473181e-02
5.620151787181781877e-02,4.246386635497646500e-01,4.046368812691948924e-01,1.050872813358653401e-01,2.036802001838800263e-03,6.891814439710463799e-03,1.441057327258052522e-05,1.239848202643072941e-04,3.686441382713123716e-04
9.274890237054904674e-01,2.253914686464134412e-02,2.207021633493611718e-02,1.927440698911907571e-02,3.126009970097603716e-03,4.795839692611467836e-03,8.218587349004884634e-05,5.711849658037921641e-04,5.198560381014516452e-05
2.760318019787489918e-01,4.058918596479048624e-01,2.609318251106360620e-01,5.179421811615952248e-02,1.967418270967574625e-03,2.042804704715709893e-03,1.210701974741417147e-03,2.765775902924646801e-05,1.017124370966682179e-04
1.251787492553450010e-01,1.554476998566437507e-01,2.341315962250751781e-01,3.281117265323062471e-01,1.974161874442395548e-02,4.093741668572514064e-02,7.788708448614371782e-02,1.190026435532780952e-02,6.663843859009310755e-03
8.238958657955095521e-01,5.150668351218162799e-03,9.018020250423051942e-02,4.502137633428349162e-02,1.069107509889725451e-02,2.330605303219936142e-02,3.478644728583191528e-04,5.689934613161221890e-04,8.379009494873246311e-04
7.530332244384656537e-01,2.315583571856546785e-01,4.585677303734390746e-03,9.422685810708833487e-03,9.872713670627459356e-04,3.315531452386838202e-04,6.011300131263025344e-05,2.043676849936207685e-05,6.809793230422300780e-07
6.356705910298231510e-01,2.656752805535207984e-01,3.719772227340000653e-02,1.110536388110413587e-02,4.756218312759586536e-02,1.542951213978422742e-03,6.846039115591455405e-04,3.974332007204780409e-04,1.638708082979389857e-04
5.626666790574686994e-01,7.187447786518141868e-02,3.005895213002222066e-01,2.264782676429550473e-02,3.400933832835241390e-03,7.745125883900895458e-03,6.740019580606111671e-03,6.779370386210369082e-03,1.755604532927956818e-02
3.818375177183673808e-01,1.708635307034880868e-02,1.422153511434737228e-01,1.668543987750656654e-01,7.727263396095945813e-02,1.154698817683537521e-01,1.583105339710345200e-02,5.960581654343794639e-02,2.382699362288986933e-02
5.979071366186000658e-01,3.764328262741873377e-01,2.093797162037612861e-02,3.635724665091878607e-03,2.549979410705282786e-04,6.946564072296006111e-04,6.784001915003416629e-05,2.229043252048339946e-05,4.655602177394690955e-05
7.270018249937241217e-01,2.483050867361131508e-01,1.500804654615279371e-02,8.272403298038723263e-03,1.183387887715576766e-03,5.887935698131296897e-05,1.515230607330330563e-04,4.610549530917717891e-06,1.423757101026712490e-05
2.711387065791172057e-01,6.557435610809199122e-01,2.367717818940297259e-02,2.651065922813113096e-02,1.956822872690511944e-02,1.388139210594956660e-03,1.104887077140372792e-03,3.473084716283406049e-04,5.213314361599552527e-04
3.692945083430396735e-01,2.952678007669210514e-01,1.375100223376698461e-01,1.892499211373173673e-01,1.605001527702758874e-03,1.401400783145714856e-03,1.090581922772554304e-03,5.676877127928183549e-04,4.013075468638271914e-03
1.341326694446065559e-02,5.049528793219056899e-01,1.036635341696500595e-01,2.840602321770183680e-01,3.294590513805740334e-02,3.614676057647509683e-02,5.236786418227898848e-05,1.652190653922548050e-03,2.311286315432792282e-02
5.319331102195099525e-01,1.259171616874638078e-01,2.301807481226745555e-01,1.102327114376942391e-01,1.292874101067648020e-03,2.934769854643925775e-04,3.645442090147473890e-05,1.024667174621793120e-04,1.099630776180138270e-05
6.735923642877117423e-02,4.392534287113898372e-01,2.659918448323198570e-01,1.134235156865882194e-01,8.195756836656369060e-02,2.573096222294730256e-02,5.390584052384446954e-03,3.443185837349212728e-04,5.485411153004493556e-04
6.541193988146954963e-01,1.299663724004040954e-02,1.371478350727430573e-01,1.637847726701989817e-02,6.984810286765961995e-02,5.979670984972009634e-02,3.225045047883315363e-02,4.568878882376109854e-03,1.289350952691215024e-02
7.489568186973397657e-01,1.658647060700615128e-01,1.254321864281846347e-02,4.857589066338053457e-02,1.988271268079307152e-02,9.997335512999133179e-04,1.053843072072879620e-03,1.897116536049538215e-03,2.259600861842514519e-04
1.378079272420804635e-01,5.689004142724896074e-02,6.092730181092703701e-01,7.473311772468608019e-03,1.526295323226160676e-02,1.503403489751390376e-01,5.529194241925894544e-03,7.355350809270673994e-03,1.006785419033451312e-02
6.279515185390005527e-01,1.441028281455187798e-01,2.043238501046660549e-01,2.164849685525303130e-02,1.533107773209413296e-03,5.751754469976966234e-05,1.688274579174114834e-04,1.875745239781809431e-04,2.627905575680600236e-05
5.824600045658527847e-01,3.296518894757451412e-01,7.953147317698715246e-02,6.972714709409684290e-03,1.173976352423891905e-03,6.181016359656793936e-05,1.469589789632465690e-05,7.142150796373610282e-05,6.201415012474509325e-05
3.763891166022572676e-01,2.949940811888817627e-01,2.926851823170537742e-02,1.072933755533779787e-01,1.253416036338808603e-01,4.378849159141910696e-02,4.448429805194828619e-03,1.154387222752288611e-02,6.932511165759991378e-03
8.648137753269879990e-01,1.278293689507151443e-01,1.587397278421939957e-03,4.780425806458456911e-03,6.164314553561978105e-04,2.153480938703196651e-04,1.549704587321854184e-04,1.132422724571355281e-06,1.150206733191438957e-06
6.668200304725253602e-01,3.148572914556311275e-01,1.127264905676368494e-02,6.324000046979664710e-03,1.085848830495542985e-04,3.819006384002349781e-04,4.447988720364743580e-06,9.856441924883098147e-06,2.212390160051258547e-04
9.318709810837496610e-01,5.805873661426142612e-02,5.740769205251849971e-03,2.267963119003520373e-04,1.963132293535794007e-03,1.041860511526077114e-04,1.439598081831097503e-03,3.327424030986563626e-04,2.630579552185263736e-04
1.785415549702999982e-01,3.159948724126338676e-02,5.345473658138688577e-01,2.532094112347871295e-01,1.885776082659164484e-03,3.781052910976311608e-05,1.089294511332192418e-04,1.655922211691371389e-05,5.310545476155947853e-05
5.543942046939199786e-01,2.278389707368099759e-01,1.611068025060543862e-01,2.793183077745073004e-02,6.360152607197662802e-03,2.010014270115427493e-02,1.354519733052455752e-03,4.548520348678072650e-04,4.585242094927721723e-04
3.093212947853407613e-01,3.366155545577227404e-01,8.493443884198630806e-03,2.573985618416603782e-01,5.290828795941535101e-02,2.830098688865133327e-02,2.225446669015356850e-03,1.000774783840899804e-03,3.735648630154631000e-03
7.089790408912733932e-01,1.787770428877357431e-01,3.207845177684093968e-02,4.663934504580352636e-02,4.901809039600609277e-03,1.025669096352259738e-02,1.646585947014228904e-02,5.470163362227682636e-04,1.354743588858009495e-03
8.219219756340125915e-01,2.993517649078477824e-02,5.039424791147878793e-03,7.941418838403661862e-02,5.807175274524158104e-02,4.327094395749607643e-03,1.078454614703157474e-03,1.349630227183518734e-04,7.696992160555193863e-05
5.621186145510916887e-01,3.388852992727631186e-01,7.497010155150163335e-02,8.296880701889252849e-03,1.428350289016138558e-02,1.728063111417472259e-04,1.465758376460343207e-04,3.963839518098392131e-04,7.298349319954100523e-04
1.416525596694039324e-01,1.760146697117245529e-01,2.344785672269672216e-01,3.761773129744428457e-01,6.479528960421564177e-02,4.331944476798109574e-03,1.437772909163845909e-03,2.351439062128160725e-04,8.767395210710349218e-04
7.318364527856874302e-01,1.525695082936435742e-01,2.836346142887635063e-02,4.030883200937400435e-02,3.644228756815443698e-02,2.747976905891179843e-03,3.026736928800145333e-04,3.864167685034202489e-03,3.564639630458832364e-03
2.386137496688611748e-01,2.037544307548477540e-01,4.066068264143010147e-01,6.123575885893213500e-02,5.494837025473558317e-02,2.061623360248729386e-02,3.870134337587463960e-03,3.187829336558391496e-03,7.166666771689200743e-03
8.792111561247072382e-01,1.016340627083281989e-01,9.452019023337705772e-03,8.745761040934190616e-04,2.317651854750850393e-03,1.411152709030195386e-03,1.214712769216587081e-03,3.565783586116098251e-03,3.188851204195541911e-04
1.616081680799269504e-01,3.559865365131513748e-01,4.822665269831295509e-01,3.945552615795347044e-05,9.484012462486218103e-05,1.366915416528748255e-06,1.941482618159464764e-06,4.198370001017999030e-08,1.122391274699374719e-06
5.769120779096797991e-01,6.021995095107945256e-02,2.589462267905102699e-01,3.557708046423262160e-02,5.519847546390960896e-02,8.351741779343217764e-03,3.726966373491786069e-03,9.013695227905871429e-04,1.661107449626442190e-04
3.948997737721642309e-01,5.637982446775070822e-02,5.161737121054132960e-01,3.104428766243346773e-03,3.951799384311447012e-03,1.487092041867438610e-02,5.409338487840404004e-03,3.153953442327806899e-03,2.056249155274247897e-03
6.951964970359498786e-01,1.817308903614047247e-02,1.443304012321838803e-01,1.379324622122413968e-01,2.091035710976651453e-03,6.221369577189101124e-05,1.251894993602590861e-04,1.171061465210687181e-03,9.180501121648365626e-04
9.406431921697525622e-01,2.676376870136503924e-02,2.285959339314589875e-02,1.257360792065832528e-03,4.514616413798995878e-03,2.432190636797144402e-03,1.471042844663639096e-04,2.375343789375854858e-04,1.144639229670563196e-03
2.517691167461549862e-01,3.364233446351089230e-01,9.356133419234066717e-02,5.614388498857871695e-02,1.638434860995902909e-01,4.136983796904179778e-02,1.589149821184283884e-02,3.322209508312187060e-02,7.775402074219783799e-03
7.702247155801579259e-01,3.274109200224967989e-03,1.534098418393970431e-01,2.612564874896419059e-02,3.213690382885883018e-02,1.367933387589368062e-02,4.013297875875528119e-04,5.155249094081687305e-04,2.325922295076665591e-04
3.497996102869258550e-01,3.388452681016963786e-02,5.620112043093482557e-01,4.743639026467225822e-02,6.189600749406044995e-03,1.112033945632864070e-04,4.541237315633383522e-04,3.918122842717884771e-05,7.415922492426396673e-05
2.463830543968873465e-01,3.354310033446211703e-02,3.366765610137939513e-02,3.562645054555524937e-01,3.151663104897513001e-01,2.712592143892674195e-05,3.848662729096148996e-03,9.730533691088788170e-03,1.369050880343447574e-03
7.876365408945762425e-02,3.132746725556883050e-01,3.127384255701631255e-01,8.714147915740984296e-02,5.048870984710378262e-02,1.549851722357792894e-01,1.532057952087204512e-03,9.905877391303699944e-04,8.524085318051266569e-05
7.169814548396017395e-01,1.791723120481103770e-01,9.054644122027571962e-02,1.210937986784124155e-02,9.778906895092861779e-04,1.154039778413499579e-04,4.693120551072455578e-05,4.127092137672123956e-05,8.915229932848767191e-06
4.736155630585784371e-01,3.002332763823769568e-01,2.228789282722633824e-01,7.291682805035993881e-04,1.078372468610952527e-03,2.143040819306452516e-04,7.070163550776535676e-04,1.798350223348038623e-04,3.635360783235119797e-04
4.473756619475400820e-01,1.843900683499102577e-01,3.632338872181634648e-01,1.608785568568185101e-04,3.442858713079715097e-03,8.236187921953770337e-04,3.369383240953411729e-04,1.492870404769438273e-04,8.680105768210655270e-05
5.408638866177458704e-01,1.766859218321561731e-01,5.597210596268176186e-02,1.548847128695304554e-01,3.467562608955035430e-02,1.651052015683956639e-02,1.670695037847309133e-02,1.316866192872126560e-03,2.383409900150734728e-03
1.268146091396749053e-01,6.645225511705015187e-01,1.916669749301044001e-01,1.236475593082113182e-02,3.491976185015667326e-04,1.034561263704459775e-03,2.029490254251733496e-03,4.820540707849425670e-04,7.358056216553165996e-04
4.656102603360220415e-01,3.440448439978969208e-01,1.866377619047184244e-01,9.826168817084132701e-04,3.724699333125437327e-04,6.504523699729427297e-04,1.174893809753498183e-03,5.033846023176760448e-04,2.331616429740446250e-05
1.966780728405255196e-01,4.766510498577230526e-01,1.713462845653081768e-01,3.319442520433595056e-02,1.801678949862193721e-02,4.831084016126836050e-02,5.549505272007747986e-02,2.196877649354154235e-04,8.779738720410268371e-05
5.624623052692390157e-02,7.945375208838940662e-01,1.156908080739485617e-01,3.221355832249056528e-02,9.158987292756719202e-04,2.131034662640202821e-04,3.431845202742852147e-05,1.407676974497005888e-04,7.793847726089708772e-06
4.284195921959543796e-02,1.042391870819978222e-01,6.413609840261977890e-01,1.796934341015215056e-02,1.324548991810545195e-01,4.165679056014885695e-02,6.547117031672647011e-03,1.236582180640719876e-02,5.638976827736508213e-04
3.487179624111546028e-01,6.214930139034360312e-01,6.062161552311108245e-03,2.243356587672081653e-02,8.364931118191226483e-04,4.386158552919653449e-04,7.527706544540352773e-06,3.064821364271802565e-06,7.594761357587742623e-06
9.699566442003387801e-01,2.961740771391788152e-02,1.025577459483641819e-04,1.498124320637851756e-04,1.376456015762901261e-04,1.487086511675739440e-07,2.576272571939962217e-05,3.233698338538424286e-06,6.787173445821359508e-06
7.640745472704776331e-01,1.742031314351465965e-01,3.031122306435051275e-02,2.025387275950430929e-02,6.549944756129930622e-03,3.270322230243437583e-03,6.991855744962957586e-04,2.911840169447071349e-04,3.465888927065563507e-04
4.585281813935007111e-01,3.866843340430902720e-01,1.202433294171049716e-01,7.018222432200996522e-03,1.396350899145130248e-02,3.614437340374736501e-03,9.666036541114520625e-03,1.581419903744337509e-05,2.661356421250760107e-04
4.116809505213090414e-01,1.080220871694533014e-01,4.165218172428897248e-01,3.977839321201771111e-02,1.044912691519680678e-02,1.733652903106214400e-03,9.863173418506751208e-03,1.065681001073589531e-04,1.844230517413114612e-03
8.876341460124148597e-02,3.308616667618768381e-01,3.453384997669567608e-04,5.771186475365808199e-01,2.047808270697768374e-03,4.806623876926817505e-04,3.052728840960029907e-04,5.091914270383083311e-05,2.626991534360190172e-05
5.137592271496866925e-01,4.670344972325355393e-01,1.624257868020167681e-02,2.257968265073503466e-03,3.020203528348807363e-04,1.392454124588581911e-04,6.634955130467108848e-05,1.687654930365418041e-05,1.812368066005376477e-04
4.106396632172931715e-01,5.698755963354933396e-01,5.155935159285193053e-03,3.446542635124450350e-03,8.884328575021494326e-03,1.201632258263138337e-04,5.793498371675461682e-04,6.689162915919134606e-04,6.295047231965611445e-04
4.473729316452963456e-01,3.383945735348328210e-01,3.881545980700169124e-02,3.081644082496732238e-03,1.480546766147629867e-01,1.414293302780859907e-02,7.257785577225669277e-03,1.160153904385674995e-03,1.719841806189337241e-03
1.188950920231834907e-02,2.534398901526799808e-01,1.319788545104278177e-01,6.339209247592740570e-02,3.677892966683576903e-01,1.082465810176176518e-01,1.478657934324068349e-02,3.003142276214454832e-03,4.547405435321594247e-02
6.299509309070686625e-01,2.352112281980084652e-01,6.284014231303400311e-02,6.936886121331979627e-02,1.992254234502221187e-03,5.221545416632636556e-04,1.783391072101383785e-05,7.606099600430358274e-05,2.053368567833668834e-05
2.374704892849727189e-01,5.975313528922139295e-01,1.016274275255169418e-01,3.268977055188045794e-02,1.652207882764925376e-02,9.343746078369139299e-03,3.774718939414500006e-03,6.631524534561022803e-04,3.772634465269986137e-04
2.051269462595148863e-01,5.629576451628131029e-01,1.636268849667762704e-01,6.194281950679565024e-02,2.936614645586753478e-03,3.263555733866417737e-03,5.037271782697016166e-06,1.191329128638568633e-04,2.136354000048523716e-05
9.756270799304775920e-01,3.099910279078400138e-03,9.469375900637025389e-03,7.158899402606886883e-03,4.489788825355572714e-04,3.695422747513385248e-03,1.799128809458013412e-04,1.389842183935568090e-05,3.065215543660571029e-04
4.605953216928699856e-01,3.006007100525154296e-01,6.753218233630021994e-02,2.306963770954124568e-02,1.158432380584882432e-01,1.481458996524089196e-02,3.526969439226653770e-03,1.027899551097970383e-02,3.738355234837564822e-03
4.643251686310012616e-01,3.209480933989603546e-01,2.674655596640760497e-02,2.741287944002069460e-02,9.466142862309837036e-02,4.370901064043108269e-02,4.019509553942097156e-03,2.794300498428875425e-03,1.538305324770961047e-02
7.799707118667238426e-01,6.446094482043883411e-02,1.184065943543078508e-01,3.097602800511831470e-02,1.981287658278687181e-03,2.151314800334234740e-03,1.326990496644467853e-03,4.075011835311012328e-04,3.186268146226911568e-04
3.140522346711603907e-01,4.420951278694901787e-01,2.418215504296762353e-01,1.855099791738023911e-03,1.635909855720722749e-04,2.306506421183892295e-06,2.005067185878388360e-06,4.761431799297535253e-06,3.323246956843384226e-06
8.936266378570038027e-01,4.310619635618780088e-02,3.074863627045890113e-02,3.915314777775751390e-03,1.294663308908640571e-02,9.523681045785799618e-03,2.169737329137437064e-03,5.646253640033477772e-04,3.398537910560772701e-03
7.864088059544198650e-01,1.679568940333266702e-01,1.247735693657642427e-02,2.929755797837036921e-02,2.390003710806809490e-04,2.078016752734586706e-03,5.054329212106378234e-04,1.563225361503937200e-04,8.806125161302524873e-04
6.085338989533329856e-01,1.334455806811684631e-01,1.711321211528730457e-01,1.314023532198372451e-02,3.673806884624129972e-03,5.051177599473624658e-02,1.165753248807976233e-02,5.765504492573267185e-03,2.139544030628437454e-03
8.702242224154187467e-01,6.765395927529663234e-02,2.056595570054237099e-02,1.849351947695769549e-02,7.421917467410310207e-03,1.285880305359612258e-02,2.070099570506627341e-03,5.129448288878914707e-04,1.985782113836931373e-04
4.558339675976312844e-01,2.693955284435061714e-01,1.070588854041826243e-01,5.985507049828864279e-02,9.936975808586324954e-02,7.734200110428127682e-03,1.222353842793963603e-04,4.060056281074253645e-04,2.243488477131627690e-04
6.596713968683739493e-01,5.884586507825809859e-02,1.698931393386223787e-01,8.893348123095072902e-04,1.097955571597326596e-01,8.016684970885996214e-04,3.829475549428216130e-05,2.165891213420965297e-05,4.308457798629650171e-05
3.491443278273534956e-01,3.163890979060786646e-01,9.250974380480198045e-02,2.395167699108956619e-02,2.971358335483807386e-02,1.523844570183381375e-01,1.281760207750601635e-02,2.200092715949281130e-02,1.088583860501257661e-03
1.534434261603847549e-01,3.518129066546458739e-01,4.184444241591434577e-01,6.085672985037389460e-02,6.229211707196508942e-03,3.405002615474734835e-03,1.780067911256481058e-03,1.806371996069341566e-03,2.221858945455013057e-03
9.886515468248725513e-01,2.742876136570916897e-03,6.050776423733921112e-03,2.126635515413280615e-03,5.119135025112252338e-05,2.134142051824720532e-05,1.568604425162443635e-04,1.686620491538243000e-04,3.010983696993818626e-05
4.498428880090868942e-01,2.061851534902828798e-01,1.087372001201899474e-01,1.437564709794284315e-02,5.035697878761258642e-03,1.364997481511039390e-01,1.179231066069438318e-02,5.683527786331073889e-02,1.069607672862715742e-02
2.919660861355893866e-01,1.342106246463453112e-01,1.851617418548402727e-02,2.411707379353690284e-01,2.883728794544384178e-03,1.026616676635292713e-01,1.500353282002935273e-01,3.944195120557126427e-02,1.911370123327393866e-02
2.266313881084793813e-01,2.714283723152716155e-01,4.874660899856356755e-01,1.061226330527726899e-02,3.516797578570829592e-03,1.922182422939672740e-04,1.188671774944777054e-04,2.713899253575259156e-06,3.128938772323230921e-05
